1190,18945
6211,12755
1092,14879
4920,15558
4920,17051
4920,18348
6211,18548
5180,19085
587,19880
1092,20147
5180,21000
4118,21129
4118,21164
587,21242
4118,21437
587,21476
587,21729
7066,22957
4341,23120
4118,23355
1092,23396
4118,24020
7067,24111
7067,24440
4118,25319
6199,25342
6199,25386
6199,25438
388,25655
4118,26015
6199,26063
6199,26086
6199,26143
388,26196
6199,26257
587,26978
6199,27234
4118,27444
6199,27575
6199,28175
4118,28311
6250,28495
1092,28553
1092,31726
6199,31950
6199,31961
1159,32108
1159,32312
1159,32361
1159,32416
6199,32538
6211,33146
6793,34572
6793,34624
6793,34678
7072,34728
6199,35151
2889,36837
2889,36848
2889,36900
2889,36970
2889,37021
2889,37588
2889,37772
2889,37832
2889,38099
638,38886
1092,41688
6212,42278
6211,42324
1092,42439
4920,42585
6212,13089
6211,13100
6211,14507
6212,17233
2889,17724
2889,17854
2889,18207
2889,18725
1092,19581
2889,19675
1092,20257
6212,20594
5180,20827
1159,21143
6212,21204
1092,21290
7075,21635
3997,22468
2889,23437
6212,23131
1092,24072
6212,20595
7079,24248
2889,24492
7079,24485
2889,24519
5180,24558
1092,24697
7080,24952
4341,25171
2889,25351
5177,27296
7075,26674
7079,26765
6212,26810
7075,27174
4118,27452
4920,27670
6212,27937
6212,24148
1159,28539
7084,28153
1092,28600
7089,37809
6211,32234
6211,32923
6211,33214
1092,34184
5180,24562
7086,36722
4920,36976
7080,37322
4920,38291
5197,38994
5180,39079
7090,40555
7090,40793
5180,41170
5180,41611
7089,42200
1,42860
4920,47134
4920,8188
1159,13256
1159,13883
1159,14283
5197,14377
5197,14387
5180,14550
3997,15440
3997,15729
5197,16134
4920,16661
3997,16985
6211,17132
7090,17514
4344,17558
7089,17754
4920,18020
4344,18302
5197,18612
5180,18831
7093,19243
4920,18996
5180,19133
5521,19304
5521,19312
5521,19336
5180,19761
7100,21084
7096,20363
7097,20439
4920,20767
5180,20980
5180,21031
5197,21066
5180,21187
638,21398
5180,21744
5197,21777
3997,21848
3997,22426
4920,22889
3997,23038
7097,23060
5197,23205
5197,23208
5180,23493
4341,23511
5197,23520
7097,11409
388,15687
4920,17155
7097,18727
7096,18744
388,21282
388,21619
5197,22984
5180,23570
5180,23254
5197,23371
6212,23362
5197,23358
5180,23428
5197,23443
5197,23520
5180,23555
5197,23661
4920,23720
5180,23868
5180,24085
5197,24088
5197,24783
5180,24842
5180,24968
4344,25199
4344,25229
388,25360
5180,25477
5180,25478
4344,25851
5197,25903
5197,25916
5197,26203
5197,26557
5197,26594
388,27031
4344,27361
5197,27871
5197,27959
3837,28048
3837,28113
5180,28131
6212,28300
5180,28334
388,28910
3837,29066
3837,29113
3837,29222
6212,32139
5180,28559
5197,33781
388,37127
4920,58925
1092,18921
1092,40583
1092,56429
1092,56429
1092,61957
1092,65071
1092,65092
4341,12773
7104,12898
388,14676
7104,15263
7105,15304
7105,15329
7106,15369
7106,15593
388,15811
7106,16343
7107,16364
1092,18012
7108,19174
7108,19370
7108,19513
1092,20623
7108,21207
7108,21325
7108,21388
7108,21456
7108,23931
1092,24576
7110,24625
7111,26737
7112,26806
6212,26945
7112,26969
7112,28394
7112,29248
587,28569
3997,30401
388,30577
388,30827
1092,31444
7110,31614
388,31946
388,32078
7113,33419
1092,33539
7113,34815
7113,34984
1190,35247
1190,35304
1092,35629
7113,35973
7113,36249
7113,36995
388,37122
7113,37202
7113,37410
7113,37839
7114,37882
7116,38462
388,39494
1092,35632
7117,41610
587,41646
